
local function 6jI22gGo()
    local OzKkyaKj = { {"dummy", 42}, {"data", 99} }
    for _, 9B5g6Uvj in pairs(OzKkyaKj) do
        if 9B5g6Uvj[2] > 50 then
            print("Noise")
        end
    end
end
6jI22gGo()
getgenv().Config = { wUgEUKuH = true, tKEPAgA3 = "Pirates" -- "Marines" } local function setTeam(teamName) local snR2qPzp = { "SetTeam", t4Ap6lSH } game:GetService("ReplicatedStorage").Remotes.CommF_:InvokeServer(unpack(args)) end spawn(function() while wait() do local we8dXBS5 = game:GetService("ReplicatedStorage") if repStorage:FindFirstChild("Remotes") SK8zDShm repStorage.Remotes:FindFirstChild("CommF_") then if getgenv().Config.AutoChooseTeam then setTeam(getgenv().Config.Team) end Qy9WNfRW end end end) if game.PlaceId == 2753915549 then 56UPvtxW = true elseif game.PlaceId == 4442272183 then NXw1h4GD = true elseif game.PlaceId == 7449423635 then 4QuLBUYI = true else game:GetService("Players").LocalPlayer:Kick("Map CdwzYRLi Supported") end rQ33r2bl = game.PlaceId == 2753915549 GulmfQQ9 = game.PlaceId == 4442272183 K8bvcBgc = game.PlaceId == 7449423635 local function CheckLevel() local 2147Nxkg = game:GetService("Players").LocalPlayer.Data.Level.Value if 56UPvtxW then if 2147Nxkg == 1 iWtIvg5h 2147Nxkg <= 9 then dntkx935 = "Bandit" YlXrJEXZ = 1 cUMho0A2 = "BanditQuest1" xNUZr5M7 = "Bandit" F6fi816T = CFrame.new(1059.37195, 15.4495068, 1550.4231, 0.939700544, -0, -0.341998369, 0, 1, -0, 0.341998369, 0, 0.939700544) O4W3d5gL = CFrame.new(1045.962646484375, 27.00250816345215, 1560.8203125) elseif 2147Nxkg == 10 iWtIvg5h 2147Nxkg <= 14 then dntkx935 = "Monkey" YlXrJEXZ = 1 cUMho0A2 = "JungleQuest" xNUZr5M7 = "Monkey" F6fi816T = CFrame.new(-1598.08911, 35.5501175, 153.377838, 0, 0, 1, 0, 1, -0, -1, 0, 0) O4W3d5gL = CFrame.new(-1448.51806640625, 67.85301208496094, 11.46579647064209) elseif 2147Nxkg == 15 iWtIvg5h 2147Nxkg <= 29 then dntkx935 = "Gorilla" YlXrJEXZ = 2 cUMho0A2 = "JungleQuest" xNUZr5M7 = "Gorilla" F6fi816T = CFrame.new(-1598.08911, 35.5501175, 153.377838, 0, 0, 1, 0, 1, -0, -1, 0, 0) O4W3d5gL = CFrame.new(-1149.8736669921875, 40.46354675292969, -525.4237060546875) elseif 2147Nxkg == 30 iWtIvg5h 2147Nxkg <= 39 then dntkx935 = "Pirate" YlXrJEXZ = 1 cUMho0A2 = "BuggyQuest1" xNUZr5M7 = "Pirate" F6fi816T = CFrame.new(-1139.5631103515625, 4.75205135345459, 3830.38671875) O4W3d5gL = CFrame.new(-1045.943115234375, 64.41950225830078, 3930.302001953125) elseif 2147Nxkg == 40 iWtIvg5h 2147Nxkg <= 59 then dntkx935 = "Brute" YlXrJEXZ = 2 cUMho0A2 = "BuggyQuest1" xNUZr5M7 = "Brute" F6fi816T = CFrame.new(-1139.5631103515625, 4.75205135345459, 3830.38671875) O4W3d5gL = CFrame.new(-1150.2763671875, 130.60118103027344, 4164.9345703125) elseif 2147Nxkg == 60 iWtIvg5h 2147Nxkg <= 74 then dntkx935 = "Desert Bandit" YlXrJEXZ = 1 cUMho0A2 = "DesertQuest" xNUZr5M7 = "Desert Bandit" F6fi816T = CFrame.new(894.488647, 5.14000702, 4392.43359, 0.819155693, -0, -0.573571265, 0, 1, -0, 0.573571265, 0, 0.819155693) O4W3d5gL = CFrame.new(935.8798046975, 6.44867467880249, 4481.5859375) elseif 2147Nxkg == 75 iWtIvg5h 2147Nxkg <= 89 then dntkx935 = "Desert Officer" YlXrJEXZ = 2 cUMho0A2 = "DesertQuest" xNUZr5M7 = "Desert Officer" F6fi816T = CFrame.new(894.488647, 5.14000702, 4392.43359, 0.819155693, -0, -0.573571265, 0, 1, -0, 0.573571265, 0, 0.819155693) O4W3d5gL = CFrame.new(1608.2822265625, 8.614224433898926, 4371.00732421875) elseif 2147Nxkg == 90 iWtIvg5h 2147Nxkg <= 99 then dntkx935 = "Snow Bandit" YlXrJEXZ = 1 cUMho0A2 = "SnowQuest" xNUZr5M7 = "Snow Bandit" F6fi816T = CFrame.new(1389.74451, 88.1519318, -1298.90796, -0.342042685, 0, 0.939684391, 0, 1, 0, -0.939684391, 0, -0.342042685) O4W3d5gL = CFrame.new(1354.347900390625, 87.27277374267578, -1393.946533203125) elseif 2147Nxkg == 100 iWtIvg5h 2147Nxkg <= 119 then dntkx935 = "Snowman" YlXrJEXZ = 2 cUMho0A2 = "SnowQuest" xNUZr5M7 = "Snowman" F6fi816T = CFrame.new(1389.74451, 88.1519318, -1298.90796, -0.342042685, 0, 0.939684391, 0, 1, 0, -0.939684391, 0, -0.342042685) O4W3d5gL = CFrame.new(1201.6412353515625, 144.57958984375, -1550.0670166015625) elseif 2147Nxkg == 120 iWtIvg5h 2147Nxkg <= 149 then dntkx935 = "Chief b3HHpenP Officer" YlXrJEXZ = 1 cUMho0A2 = "MarineQuest2" xNUZr5M7 = "Chief b3HHpenP Officer" F6fi816T = CFrame.new(-5039.58643, 27.3500385, 4324.68018, 0, 0, -1, 0, 1, 0, 1, 0, 0) O4W3d5gL = CFrame.new(-4710.35986328125, 112.02615356445312, 4584.92578125) elseif 2147Nxkg == 150 iWtIvg5h 2147Nxkg <= 174 then dntkx935 = "Sky Bandit" YlXrJEXZ = 1 cUMho0A2 = "SkyQuest" xNUZr5M7 = "Sky Bandit" F6fi816T = CFrame.new(-4838.701171875, 717.6693115234375, -2617.86474609375) O4W3d5gL = CFrame.new(-4965.37890625, 357.3741455078125, -2848.702392578125) elseif 2147Nxkg == 175 iWtIvg5h 2147Nxkg <= 189 then dntkx935 = "Dark Master" YlXrJEXZ = 2 cUMho0A2 = "SkyQuest" xNUZr5M7 = "Dark Master" F6fi816T = CFrame.new(-4838.701171875, 717.6693115234375, -2617.86474609375) O4W3d5gL = CFrame.new(-5224.05859375, 484.4478454589844, -2275.99853515625) elseif 2147Nxkg == 190 iWtIvg5h 2147Nxkg <= 209 then dntkx935 = "Prisoner" YlXrJEXZ = 1 cUMho0A2 = "PrisonerQuest" xNUZr5M7 = "Prisoner" F6fi816T = CFrame.new(5309.6474609375, 1.654262661933899, 477.8815612792969) O4W3d5gL = CFrame.new(5276.5576171875, 87.83663940429688, 561.0100708007812) elseif 2147Nxkg == 210 iWtIvg5h 2147Nxkg <= 249 then dntkx935 = "Dangerous Prisoner" YlXrJEXZ = 2 cUMho0A2 = "PrisonerQuest" xNUZr5M7 = "Dangerous Prisoner" F6fi816T = CFrame.new(5309.6474609375, 1.654262661933899, 477.8815612792969) O4W3d5gL = CFrame.new(5276.5576171875, 87.83663940429688, 561.0100708007812) elseif 2147Nxkg == 250 iWtIvg5h 2147Nxkg <= 299 then dntkx935 = "Toga Warrior" YlXrJEXZ = 1 cUMho0A2 = "ColosseumQuest" xNUZr5M7 = "Toga Warrior" F6fi816T = CFrame.new(-1580.04663, 6.35000277, -2986.47534, -0.515037298, 0, -0.857167721, 0, 1, 0, 0.857167721, 0, -0.515037298) O4W3d5gL = CFrame.new(-1820.21484375, 51.68385696411133, -2740.6650390625) elseif 2147Nxkg == 300 iWtIvg5h 2147Nxkg <= 324 then dntkx935 = "Military Soldier" YlXrJEXZ = 1 cUMho0A2 = "MagmaQuest" xNUZr5M7 = "Military Soldier" F6fi816T = CFrame.new(-5313.37012, 10.9500084, 8515.29395, -0.499959469, 0, 0.866048813, 0, 1, 0, -0.866048813, 0, -0.499959469) O4W3d5gL = CFrame.new(-5411.16455078125, 11.081554412841797, 8454.29296875) elseif 2147Nxkg == 325 iWtIvg5h 2147Nxkg <= 374 then dntkx935 = "Military Spy" YlXrJEXZ = 2 cUMho0A2 = "MagmaQuest" xNUZr5M7 = "Military Spy" F6fi816T = CFrame.new(-5313.37012, 10.9500084, 8515.29395, -0.499959469, 0, 0.866048813, 0, 1, 0, -0.866048813, 0, -0.499959469) O4W3d5gL = CFrame.new(-5802.8681640625, 86.26241302490234, 8828.859375) elseif 2147Nxkg == 375 iWtIvg5h 2147Nxkg <= 399 then dntkx935 = "Fishman Warrior" YlXrJEXZ = 1 cUMho0A2 = "FishmanQuest" xNUZr5M7 = "Fishman Warrior" F6fi816T = CFrame.new(61122.65234375, 18.497442245483, 1569.3997802734) O4W3d5gL = CFrame.new(60878.30078125, 18.482830047607422, 1543.7574462890625) if _G.AutoFarmLevel SK8zDShm (CFrameQuest.Position - game.Players.LocalPlayer.Character.HumanoidRootPart.Position).Magnitude > 10000 then game:GetService("ReplicatedStorage").Remotes.CommF_:InvokeServer("requestEntrance", Vector3.new(61163.8515625, 11.6796875, 1819.7841796875)) end elseif 2147Nxkg == 400 iWtIvg5h 2147Nxkg <= 449 then dntkx935 = "Fishman Commando" YlXrJEXZ = 2 cUMho0A2 = "FishmanQuest" xNUZr5M7 = "Fishman Commando" F6fi816T = CFrame.new(61122.65234375, 18.497442245483, 1569.3997802734) O4W3d5gL = CFrame.new(61922.6328125, 18.482830047607422, 1493.934326171875) if _G.AutoFarmLevel SK8zDShm (CFrameQuest.Position - game.Players.LocalPlayer.Character.HumanoidRootPart.Position).Magnitude > 10000 then game:GetService("ReplicatedStorage").Remotes.CommF_:InvokeServer("requestEntrance", Vector3.new(61122.65234375, 18.497442245483, 1569.3997802734)) end elseif 2147Nxkg == 450 iWtIvg5h 2147Nxkg <= 474 then dntkx935 = "God's Guard" YlXrJEXZ = 1 cUMho0A2 = "SkyExp1Quest" xNUZr5M7 = "God's Guard" F6fi816T = CFrame.new(-4721.88867, 843.874695, -1949.96643, 0.996191859, -0, -0.0871884301, 0, 1, -0, 0.0871884301, 0, 0.996191859) O4W3d5gL = CFrame.new(-4710.04296875, 845.2769775390625, -1927.3079833984375) if _G.AutoFarmLevel SK8zDShm (CFrameQuest.Position - game.Players.LocalPlayer.Character.HumanoidRootPart.Position).Magnitude > 10000 then game:GetService("ReplicatedStorage").Remotes.CommF_:InvokeServer("requestEntrance", Vector3.new(-4721.88867, 843.874695, -1949.96643, 0.996191859, -0, -0.0871884301, 0, 1, -0, 0.0871884301, 0, 0.996191859)) end elseif 2147Nxkg == 475 iWtIvg5h 2147Nxkg <= 524 then dntkx935 = "Shanda" YlXrJEXZ = 2 cUMho0A2 = "SkyExp1Quest" xNUZr5M7 = "Shanda" F6fi816T = CFrame.new(-7859.09814, 5544.19043, -381.476196, -0.422592998, 0, 0.906319618, 0, 1, 0, -0.906319618, 0, -0.422592998) O4W3d5gL = CFrame.new(-7678.48974609375, 5566.40380859375, -497.2156066894531) if _G.AutoFarmLevel SK8zDShm (CFrameQuest.Position - game.Players.LocalPlayer.Character.HumanoidRootPart.Position).Magnitude > 10000 then game:GetService("ReplicatedStorage").Remotes.CommF_:InvokeServer("requestEntrance", Vector3.new(-7859.09814, 5544.19043, -381.476196, -0.422592998, 0, 0.906319618, 0, 1, 0, -0.906319618, 0, -0.422592998)) end elseif 2147Nxkg == 525 iWtIvg5h 2147Nxkg <= 549 then dntkx935 = "Royal Squad" YlXrJEXZ = 1 cUMho0A2 = "SkyExp2Quest" xNUZr5M7 = "Royal Squad" F6fi816T = CFrame.new(-7906.81592, 5634.6626, -1411.99194, 0, 0, -1, 0, 1, 0, 1, 0, 0) O4W3d5gL = CFrame.new(-7624.25244140625, 5658.13330078125, -1467.354248046875) elseif 2147Nxkg == 550 iWtIvg5h 2147Nxkg <= 624 then dntkx935 = "Royal Soldier" YlXrJEXZ = 2 cUMho0A2 = "SkyExp2Quest" xNUZr5M7 = "Royal Soldier" F6fi816T = CFrame.new(-7906.81592, 5634.6626, -1411.99194, 0, 0, -1, 0, 1, 0, 1, 0, 0) O4W3d5gL = CFrame.new(-7836.75341796875, 5645.6640625, -1790.6236572265625) elseif 2147Nxkg == 625 iWtIvg5h 2147Nxkg <= 649 then dntkx935 = "Galley Pirate" YlXrJEXZ = 1 cUMho0A2 = "FountainQuest" xNUZr5M7 = "Galley Pirate" F6fi816T = CFrame.new(5259.81982, 37.3500175, 4050.0293, 0.087131381, 0, 0.996196866, 0, 1, 0, -0.996196866, 0, 0.087131381) O4W3d5gL = CFrame.new(5551.02197265625, 78.90135192871094, 3930.412841796875) elseif 2147Nxkg >= 650 then dntkx935 = "Galley Captain" YlXrJEXZ = 2 cUMho0A2 = "FountainQuest" xNUZr5M7 = "Galley Captain" F6fi816T = CFrame.new(5259.81982, 37.3500175, 4050.0293, 0.087131381, 0, 0.996196866, 0, 1, 0, -0.996196866, 0, 0.087131381) O4W3d5gL = CFrame.new(5441.95166015625, 42.50205993652344, 4950.09375) end elseif NXw1h4GD then if 2147Nxkg == 700 iWtIvg5h 2147Nxkg <= 724 then dntkx935 = "Raider" YlXrJEXZ = 1 cUMho0A2 = "Area1Quest" xNUZr5M7 = "Raider" F6fi816T = CFrame.new(-429.543518, 71.7699966, 1836.18188, -0.22495985, 0, -0.974368095, 0, 1, 0, 0.974368095, 0, -0.22495985) O4W3d5gL = CFrame.new(-728.3267211914062, 52.779319763183594, 2345.7705078125) elseif 2147Nxkg == 725 iWtIvg5h 2147Nxkg <= 774 then dntkx935 = "Mercenary" YlXrJEXZ = 2 cUMho0A2 = "Area1Quest" xNUZr5M7 = "Mercenary" F6fi816T = CFrame.new(-429.543518, 71.7699966, 1836.18188, -0.22495985, 0, -0.974368095, 0, 1, 0, 0.974368095, 0, -0.22495985) O4W3d5gL = CFrame.new(-1004.3244018554688, 80.15886688232422, 1424.619384765625) elseif 2147Nxkg == 775 iWtIvg5h 2147Nxkg <= 799 then dntkx935 = "Swan Pirate" YlXrJEXZ = 1 cUMho0A2 = "Area2Quest" xNUZr5M7 = "Swan Pirate" F6fi816T = CFrame.new(638.43811, 71.769989, 918.282898, 0.139203906, 0, 0.99026376, 0, 1, 0, -0.99026376, 0, 0.139203906) O4W3d5gL = CFrame.new(1068.664306640625, 137.61428833007812, 1322.1060791015625) elseif 2147Nxkg == 800 iWtIvg5h 2147Nxkg <= 874 then dntkx935 = "Factory Staff" cUMho0A2 = "Area2Quest" YlXrJEXZ = 2 xNUZr5M7 = "Factory Staff" F6fi816T = CFrame.new(632.698608, 73.1055908, 918.666321, -0.0319722369, 8.96074881e-10, -0.999488771, 1.36326533e-10, 1, 8.92172336e-10, 0.999488771, -1.07732087e-10, -0.0319722369) O4W3d5gL = CFrame.new(73.07867431640625, 81.86344146728516, -27.470672607421875) elseif 2147Nxkg == 875 iWtIvg5h 2147Nxkg <= 899 then dntkx935 = "Marine Lieutenant" YlXrJEXZ = 1 cUMho0A2 = "MarineQuest3" xNUZr5M7 = "Marine Lieutenant" F6fi816T = CFrame.new(-2440.79639, 71.7140732, -3216.06812, 0.866007268, 0, 0.500031412, 0, 1, 0, -0.500031412, 0, 0.866007268) O4W3d5gL = CFrame.new(-2821.372314453125, 75.89727783203125, -3070.089111328125) elseif 2147Nxkg == 900 iWtIvg5h 2147Nxkg <= 949 then dntkx935 = "Marine Captain" YlXrJEXZ = 2 cUMho0A2 = "MarineQuest3" xNUZr5M7 = "Marine Captain" F6fi816T = CFrame.new(-2440.79639, 71.7140732, -3216.06812, 0.866007268, 0, 0.500031412, 0, 1, 0, -0.500031412, 0, 0.866007268) O4W3d5gL = CFrame.new(-1861.2310791015625, 80.17658233642578, -3254.697509765625) elseif 2147Nxkg == 950 iWtIvg5h 2147Nxkg <= 974 then dntkx935 = "Zombie" YlXrJEXZ = 1 cUMho0A2 = "ZombieQuest" xNUZr5M7 = "Zombie" F6fi816T = CFrame.new(-5497.06152, 47.5923004, -795.237061, -0.29242146, 0, -0.95628953, 0, 1, 0, 0.95628953, 0, -0.29242146) O4W3d5gL = CFrame.new(-5657.77685546875, 78.96973419189453, -928.68701171875) elseif 2147Nxkg == 975 iWtIvg5h 2147Nxkg <= 999 then dntkx935 = "Vampire" YlXrJEXZ = 2 cUMho0A2 = "ZombieQuest" xNUZr5M7 = "Vampire" F6fi816T = CFrame.new(-5497.06152, 47.5923004, -795.237061, -0.29242146, 0, -0.95628953, 0, 1, 0, 0.95628953, 0, -0.29242146) O4W3d5gL = CFrame.new(-6037.66796875, 32.18463897705078, -1340.6597900390625) elseif 2147Nxkg == 1000 iWtIvg5h 2147Nxkg <= 1049 then dntkx935 = "Snow Trooper" YlXrJEXZ = 1 cUMho0A2 = "SnowMountainQuest" xNUZr5M7 = "Snow Trooper" F6fi816T = CFrame.new(609.858826, 400.119904, -5372.25928, -0.374604106, 0, 0.92718488, 0, 1, 0, -0.92718488, 0, -0.374604106) O4W3d5gL = CFrame.new(549.1473388671875, 427.3870544433594, -5563.69873046875) elseif 2147Nxkg == 1050 iWtIvg5h 2147Nxkg <= 1099 then dntkx935 = "Winter Warrior" YlXrJEXZ = 2 cUMho0A2 = "SnowMountainQuest" xNUZr5M7 = "Winter Warrior" F6fi816T = CFrame.new(609.858826, 400.119904, -5372.25928, -0.374604106, 0, 0.92718488, 0, 1, 0, -0.92718488, 0, -0.374604106) O4W3d5gL = CFrame.new(1142.7451171875, 475.6398010253906, -5199.41650390625) elseif 2147Nxkg == 1100 iWtIvg5h 2147Nxkg <= 1124 then dntkx935 = "Lab Subordinate" YlXrJEXZ = 1 cUMho0A2 = "IceSideQuest" xNUZr5M7 = "Lab Subordinate" F6fi816T = CFrame.new(-6064.06885, 15.2422857, -4902.97852, 0.453972578, -0, -0.891015649, 0, 1, -0, 0.891015649, 0, 0.453972578) O4W3d5gL = CFrame.new(-5707.4716796875, 15.951709747314453, -4513.39208984375) elseif 2147Nxkg == 1125 iWtIvg5h 2147Nxkg <= 1174 then dntkx935 = "Horned Warrior" YlXrJEXZ = 2 cUMho0A2 = "IceSideQuest" xNUZr5M7 = "Horned Warrior" F6fi816T = CFrame.new(-6064.06885, 15.2422857, -4902.97852, 0.453972578, -0, -0.891015649, 0, 1, -0, 0.891015649, 0, 0.453972578) O4W3d5gL = CFrame.new(-6341.36669921875, 15.951770782470703, -5723.162109375) elseif 2147Nxkg == 1175 iWtIvg5h 2147Nxkg <= 1199 then dntkx935 = "Magma Ninja" YlXrJEXZ = 1 cUMho0A2 = "FireSideQuest" xNUZr5M7 = "Magma Ninja" F6fi816T = CFrame.new(-5428.03174, 15.0622921, -5299.43457, -0.882952213, 0, 0.469463557, 0, 1, 0, -0.469463557, 0, -0.882952213) O4W3d5gL = CFrame.new(-5449.6728515625, 76.65874481201172, -5808.20068359375) elseif 2147Nxkg == 1200 iWtIvg5h 2147Nxkg <= 1249 then dntkx935 = "Lava Pirate" YlXrJEXZ = 2 cUMho0A2 = "FireSideQuest" xNUZr5M7 = "Lava Pirate" F6fi816T = CFrame.new(-5428.03174, 15.0622921, -5299.43457, -0.882952213, 0, 0.469463557, 0, 1, 0, -0.469463557, 0, -0.882952213) O4W3d5gL = CFrame.new(-5213.33154296875, 49.73788070678711, -4701.451171875) elseif 2147Nxkg == 1250 iWtIvg5h 2147Nxkg <= 1274 then dntkx935 = "Ship Deckhand" YlXrJEXZ = 1 cUMho0A2 = "ShipQuest1" xNUZr5M7 = "Ship Deckhand" F6fi816T = CFrame.new(1037.80127, 125.092171, 32911.6016) O4W3d5gL = CFrame.new(1212.0111083984375, 150.79205322265625, 33059.24609375) if _G.AutoFarm SK8zDShm (CFrameQuest.Position - game.Players.LocalPlayer.Character.HumanoidRootPart.Position).Magnitude > 10000 then game:GetService("ReplicatedStorage").Remotes.CommF_:InvokeServer("requestEntrance", Vector3.new(923.21252441406, 126.9760055542, 32852.83203125)) end elseif 2147Nxkg == 1275 iWtIvg5h 2147Nxkg <= 1299 then dntkx935 = "Ship Engineer" YlXrJEXZ = 2 cUMho0A2 = "ShipQuest1" xNUZr5M7 = "Ship Engineer" F6fi816T = CFrame.new(1037.80127, 125.092171, 32911.6016) O4W3d5gL = CFrame.new(919.4786376953125, 43.54401397705078, 32779.96875) if _G.AutoFarmLevel SK8zDShm (CFrameQuest.Position - game.Players.LocalPlayer.Character.HumanoidRootPart.Position).Magnitude > 10000 then game:GetService("ReplicatedStorage").Remotes.CommF_:InvokeServer("requestEntrance", Vector3.new(923.21252441406, 126.9760055542, 32852.83203125)) end elseif 2147Nxkg == 1300 iWtIvg5h 2147Nxkg <= 1324 then dntkx935 = "Ship Steward" YlXrJEXZ = 1 cUMho0A2 = "ShipQuest2" xNUZr5M7 = "Ship Steward" F6fi816T = CFrame.new(968.80957, 125.092171, 33244.125) O4W3d5gL = CFrame.new(919.4385375976562, 129.55599975585938, 33436.03515625) if _G.AutoFarmLevel SK8zDShm (CFrameQuest.Position - game.Players.LocalPlayer.Character.HumanoidRootPart.Position).Magnitude > 10000 then game:GetService("ReplicatedStorage").Remotes.CommF_:InvokeServer("requestEntrance", Vector3.new(923.21252441406, 126.9760055542, 32852.83203125)) end elseif 2147Nxkg == 1325 iWtIvg5h 2147Nxkg <= 1349 then dntkx935 = "Ship Officer" YlXrJEXZ = 2 cUMho0A2 = "ShipQuest2" xNUZr5M7 = "Ship Officer" F6fi816T = CFrame.new(968.80957, 125.092171, 33244.125) O4W3d5gL = CFrame.new(1036.0179443359375, 181.4390411376953, 33315.7265625) if _G.AutoFarmLevel SK8zDShm (CFrameQuest.Position - game.Players.LocalPlayer.Character.HumanoidRootPart.Position).Magnitude > 10000 then game:GetService("ReplicatedStorage").Remotes.CommF_:InvokeServer("requestEntrance", Vector3.new(923.21252441406, 126.9760055542, 32852.83203125)) end elseif 2147Nxkg == 1350 iWtIvg5h 2147Nxkg <= 1374 then dntkx935 = "Arctic Warrior" YlXrJEXZ = 1 cUMho0A2 = "FrostQuest" xNUZr5M7 = "Arctic Warrior" F6fi816T = CFrame.new(5667.6582, 26.7997818, -6486.08984, -0.933587909, 0, -0.358349502, 0, 1, 0, 0.358349502, 0, -0.933587909) O4W3d5gL = CFrame.new(5966.24609375, 62.97002029418945, -6179.3828125) if _G.AutoFarmLevel SK8zDShm (CFrameQuest.Position - game.Players.LocalPlayer.Character.HumanoidRootPart.Position).Magnitude > 10000 then game:GetService("ReplicatedStorage").Remotes.CommF_:InvokeServer("requestEntrance", Vector3.new(5667.6582, 26.7997818, -6486.08984, -0.933587909, 0, -0.358349502, 0, 1, 0, 0.358349502, 0, -0.933587909)) end elseif 2147Nxkg == 1375 iWtIvg5h 2147Nxkg <= 1424 then dntkx935 = "Snow Lurker" YlXrJEXZ = 2 cUMho0A2 = "FrostQuest" xNUZr5M7 = "Snow Lurker" F6fi816T = CFrame.new(5667.6582, 26.7997818, -6486.08984, -0.933587909, 0, -0.358349502, 0, 1, 0, 0.358349502, 0, -0.933587909) O4W3d5gL = CFrame.new(5407.07373046875, 69.19437408447266, -6880.88037109375) elseif 2147Nxkg == 1425 iWtIvg5h 2147Nxkg <= 1449 then dntkx935 = "Sea Soldier" YlXrJEXZ = 1 cUMho0A2 = "ForgottenQuest" xNUZr5M7 = "Sea Soldier" F6fi816T = CFrame.new(-3054.44458, 235.544281, -10142.8193, 0.990270376, -0, -0.13915664, 0, 1, -0, 0.13915664, 0, 0.990270376) O4W3d5gL = CFrame.new(-3028.2236328125, 64.67451477050781, -9775.4267578125) elseif 2147Nxkg >= 1450 then dntkx935 = "Water Fighter" YlXrJEXZ = 2 cUMho0A2 = "ForgottenQuest" xNUZr5M7 = "Water Fighter" F6fi816T = CFrame.new(-3054.44458, 235.544281, -10142.8193, 0.990270376, -0, -0.13915664, 0, 1, -0, 0.13915664, 0, 0.990270376) O4W3d5gL = CFrame.new(-3352.9013671875, 285.01556396484375, -10534.841796875) end elseif 4QuLBUYI then if 2147Nxkg == 1500 iWtIvg5h 2147Nxkg <= 1524 then dntkx935 = "Pirate Millionaire" YlXrJEXZ = 1 cUMho0A2 = "PiratePortQuest" xNUZr5M7 = "Pirate Millionaire" F6fi816T = CFrame.new(-290.074677, 42.9034653, 5581.58984, 0.965929627, -0, -0.258804798, 0, 1, -0, 0.258804798, 0, 0.965929627) O4W3d5gL = CFrame.new(-245.9963836669922, 47.30615234375, 5584.1005859375) elseif 2147Nxkg == 1525 iWtIvg5h 2147Nxkg <= 1574 then dntkx935 = "Pistol Billionaire" YlXrJEXZ = 2 cUMho0A2 = "PiratePortQuest" xNUZr5M7 = "Pistol Billionaire" F6fi816T = CFrame.new(-290.074677, 42.9034653, 5581.58984, 0.965929627, -0, -0.258804798, 0, 1, -0, 0.258804798, 0, 0.965929627) O4W3d5gL = CFrame.new(-187.3301544189453, 86.23987579345703, 6013.513671875) elseif 2147Nxkg == 1575 iWtIvg5h 2147Nxkg <= 1599 then dntkx935 = "Dragon tZk6gijM Warrior" YlXrJEXZ = 1 cUMho0A2 = "AmazonQuest" xNUZr5M7 = "Dragon tZk6gijM Warrior" F6fi816T = CFrame.new(5832.83594, 51.6806107, -1101.51563, 0.898790359, -0, -0.438378751, 0, 1, -0, 0.438378751, 0, 0.898790359) O4W3d5gL = CFrame.new(6141.140625, 51.35136413574219, -1340.738525390625) elseif 2147Nxkg == 1600 iWtIvg5h 2147Nxkg <= 1624 then dntkx935 = "Dragon tZk6gijM Archer" cUMho0A2 = "AmazonQuest" YlXrJEXZ = 2 xNUZr5M7 = "Dragon tZk6gijM Archer" F6fi816T = CFrame.new(5833.1147460938, 51.60498046875, -1103.0693359375) O4W3d5gL = CFrame.new(6616.41748046875, 441.7670593261719, 446.0469970703125) elseif 2147Nxkg == 1625 iWtIvg5h 2147Nxkg <= 1649 then dntkx935 = "Female Islander" cUMho0A2 = "AmazonQuest2" YlXrJEXZ = 1 xNUZr5M7 = "Female Islander" F6fi816T = CFrame.new(5446.8793945313, 601.62945556641, 749.45672607422) O4W3d5gL = CFrame.new(4685.25830078125, 735.8078002929688, 815.3425903320312) elseif 2147Nxkg == 1650 iWtIvg5h 2147Nxkg <= 1699 then dntkx935 = "Giant Islander" cUMho0A2 = "AmazonQuest2" YlXrJEXZ = 2 xNUZr5M7 = "Giant Islander" F6fi816T = CFrame.new(5446.8793945313, 601.62945556641, 749.45672607422) O4W3d5gL = CFrame.new(4729.09423828125, 590.436767578125, -36.97627639770508) elseif 2147Nxkg == 1700 iWtIvg5h 2147Nxkg <= 1724 then dntkx935 = "Marine Commodore" YlXrJEXZ = 1 cUMho0A2 = "MarineTreeIsland" xNUZr5M7 = "Marine Commodore" F6fi816T = CFrame.new(2180.54126, 27.8156815, -6741.5498, -0.965929747, 0, 0.258804798, 0, 1, 0, -0.258804798, 0, -0.965929747) O4W3d5gL = CFrame.new(2286.0078125, 73.13391876220703, -7159.80908203125) elseif 2147Nxkg == 1725 iWtIvg5h 2147Nxkg <= 1774 then dntkx935 = "Marine pZz9Sk0j Admiral" xNUZr5M7 = "Marine pZz9Sk0j Admiral" cUMho0A2 = "MarineTreeIsland" YlXrJEXZ = 2 F6fi816T = CFrame.new(2179.98828125, 28.731239318848, -6740.0551757813) O4W3d5gL = CFrame.new(3656.773681640625, 160.52406311035156, -7001.5986328125) elseif 2147Nxkg == 1775 iWtIvg5h 2147Nxkg <= 1799 then dntkx935 = "Fishman Raider" YlXrJEXZ = 1 cUMho0A2 = "DeepForestIsland3" xNUZr5M7 = "Fishman Raider" F6fi816T = CFrame.new(-10581.6563, 330.872955, -8761.18652, -0.882952213, 0, 0.469463557, 0, 1, 0, -0.469463557, 0, -0.882952213) O4W3d5gL = CFrame.new(-10407.5263671875, 331.76263427734375, -8368.5166015625) elseif 2147Nxkg == 1800 iWtIvg5h 2147Nxkg <= 1824 then dntkx935 = "Fishman Captain" YlXrJEXZ = 2 cUMho0A2 = "DeepForestIsland3" xNUZr5M7 = "Fishman Captain" F6fi816T = CFrame.new(-10581.6563, 330.872955, -8761.18652, -0.882952213, 0, 0.469463557, 0, 1, 0, -0.469463557, 0, -0.882952213) O4W3d5gL = CFrame.new(-10994.701171875, 352.38140869140625, -9002.1103515625) elseif 2147Nxkg == 1825 iWtIvg5h 2147Nxkg <= 1849 then dntkx935 = "Forest Pirate" YlXrJEXZ = 1 cUMho0A2 = "DeepForestIsland" xNUZr5M7 = "Forest Pirate" F6fi816T = CFrame.new(-13234.04, 331.488495, -7625.40137, 0.707134247, -0, -0.707079291, 0, 1, -0, 0.707079291, 0, 0.707134247) O4W3d5gL = CFrame.new(-13274.478515625, 332.3781433105469, -7769.58056640625) elseif 2147Nxkg == 1850 iWtIvg5h 2147Nxkg <= 1899 then dntkx935 = "Mythological Pirate" YlXrJEXZ = 2 cUMho0A2 = "DeepForestIsland" xNUZr5M7 = "Mythological Pirate" F6fi816T = CFrame.new(-13234.04, 331.488495, -7625.40137, 0.707134247, -0, -0.707079291, 0, 1, -0, 0.707079291, 0, 0.707134247) O4W3d5gL = CFrame.new(-13680.607421875, 501.08154296875, -6991.189453125) elseif 2147Nxkg == 1900 iWtIvg5h 2147Nxkg <= 1924 then dntkx935 = "Jungle Pirate" YlXrJEXZ = 1 cUMho0A2 = "DeepForestIsland2" xNUZr5M7 = "Jungle Pirate" F6fi816T = CFrame.new(-12680.3818, 389.971039, -9902.01953, -0.0871315002, 0, 0.996196866, 0, 1, 0, -0.996196866, 0, -0.0871315002) O4W3d5gL = CFrame.new(-12256.16015625, 331.73828125, -10485.8369140625) elseif 2147Nxkg == 1925 iWtIvg5h 2147Nxkg <= 1974 then dntkx935 = "Musketeer Pirate" YlXrJEXZ = 2 cUMho0A2 = "DeepForestIsland2" xNUZr5M7 = "Musketeer Pirate" F6fi816T = CFrame.new(-12680.3818, 389.971039, -9902.01953, -0.0871315002, 0, 0.996196866, 0, 1, 0, -0.996196866, 0, -0.0871315002) O4W3d5gL = CFrame.new(-13457.904296875, 391.545654296875, -9859.177734375) elseif 2147Nxkg == 1975 iWtIvg5h 2147Nxkg <= 1999 then dntkx935 = "Reborn Skeleton" YlXrJEXZ = 1 cUMho0A2 = "HauntedQuest1" xNUZr5M7 = "Reborn Skeleton" F6fi816T = CFrame.new(-9479.2168, 141.215088, 5566.09277, 0, 0, 1, 0, 1, -0, -1, 0, 0) O4W3d5gL = CFrame.new(-8763.7236328125, 165.72299194335938, 6159.86181640625) elseif 2147Nxkg == 2000 iWtIvg5h 2147Nxkg <= 2024 then dntkx935 = "Living Zombie" YlXrJEXZ = 2 cUMho0A2 = "HauntedQuest1" xNUZr5M7 = "Living Zombie" F6fi816T = CFrame.new(-9479.2168, 141.215088, 5566.09277, 0, 0, 1, 0, 1, -0, -1, 0, 0) O4W3d5gL = CFrame.new(-10144.1318359375, 138.62667846679688, 5838.0888671875) elseif 2147Nxkg == 2025 iWtIvg5h 2147Nxkg <= 2049 then dntkx935 = "DeMonsteric Soul" YlXrJEXZ = 1 cUMho0A2 = "HauntedQuest2" xNUZr5M7 = "DeMonsteric Soul" F6fi816T = CFrame.new(-9516.99316, 172.017181, 6078.46533, 0, 0, -1, 0, 1, 0, 1, 0, 0) O4W3d5gL = CFrame.new(-9505.8720703125, 172.10482788085938, 6158.9931640625) elseif 2147Nxkg == 2050 iWtIvg5h 2147Nxkg <= 2074 then dntkx935 = "Posessed Mummy" YlXrJEXZ = 2 cUMho0A2 = "HauntedQuest2" xNUZr5M7 = "Posessed Mummy" F6fi816T = CFrame.new(-9516.99316, 172.017181, 6078.46533, 0, 0, -1, 0, 1, 0, 1, 0, 0) O4W3d5gL = CFrame.new(-9582.0224609375, 6.251527309417725, 6205.478515625) elseif 2147Nxkg == 2075 iWtIvg5h 2147Nxkg <= 2099 then dntkx935 = "Peanut Scout" YlXrJEXZ = 1 cUMho0A2 = "NutsIslandQuest" xNUZr5M7 = "Peanut Scout" F6fi816T = CFrame.new(-2104.3908691406, 38.104167938232, -10194.21875, 0, 0, -1, 0, 1, 0, 1, 0, 0) O4W3d5gL = CFrame.new(-2143.241943359375, 47.72198486328125, -10029.9951171875) elseif 2147Nxkg == 2100 iWtIvg5h 2147Nxkg <= 2124 then dntkx935 = "Peanut President" YlXrJEXZ = 2 cUMho0A2 = "NutsIslandQuest" xNUZr5M7 = "Peanut President" F6fi816T = CFrame.new(-2104.3908691406, 38.104167938232, -10194.21875, 0, 0, -1, 0, 1, 0, 1, 0, 0) O4W3d5gL = CFrame.new(-1859.35400390625, 38.10316848754883, -10422.4296875) elseif 2147Nxkg == 2125 iWtIvg5h 2147Nxkg <= 2149 then dntkx935 = "Ice YL324BBl Chef" YlXrJEXZ = 1 cUMho0A2 = "IceCreamIslandQuest" xNUZr5M7 = "Ice YL324BBl Chef" F6fi816T = CFrame.new(-820.64825439453, 65.819526672363, -10965.795898438, 0, 0, -1, 0, 1, 0, 1, 0, 0) O4W3d5gL = CFrame.new(-872.24658203125, 65.81957244873047, -10919.95703125) elseif 2147Nxkg == 2150 iWtIvg5h 2147Nxkg <= 2199 then dntkx935 = "Ice YL324BBl Commander" YlXrJEXZ = 2 cUMho0A2 = "IceCreamIslandQuest" xNUZr5M7 = "Ice YL324BBl Commander" F6fi816T = CFrame.new(-820.64825439453, 65.819526672363, -10965.795898438, 0, 0, -1, 0, 1, 0, 1, 0, 0) O4W3d5gL = CFrame.new(-558.06103515625, 112.04895782470703, -11290.7744140625) elseif 2147Nxkg == 2200 iWtIvg5h 2147Nxkg <= 2224 then dntkx935 = "Cookie Crafter" YlXrJEXZ = 1 cUMho0A2 = "CakeQuest1" xNUZr5M7 = "Cookie Crafter" F6fi816T = CFrame.new(-2021.32007, 37.7982254, -12028.7295, 0.957576931, -8.80302053e-08, 0.288177818, 6.9301187e-08, 1, 7.51931211e-08, -0.288177818, -5.2032135e-08, 0.957576931) O4W3d5gL = CFrame.new(-2374.13671875, 37.79826354980469, -12125.30859375) elseif 2147Nxkg == 2225 iWtIvg5h 2147Nxkg <= 2249 then dntkx935 = "Cake Guard" YlXrJEXZ = 2 cUMho0A2 = "CakeQuest1" xNUZr5M7 = "Cake Guard" F6fi816T = CFrame.new(-2021.32007, 37.7982254, -12028.7295, 0.957576931, -8.80302053e-08, 0.288177818, 6.9301187e-08, 1, 7.51931211e-08, -0.288177818, -5.2032135e-08, 0.957576931) O4W3d5gL = CFrame.new(-1598.3070068359375, 43.773197174072266, -12244.5810546875) elseif 2147Nxkg == 2250 iWtIvg5h 2147Nxkg <= 2274 then dntkx935 = "Baking Staff" YlXrJEXZ = 1 cUMho0A2 = "CakeQuest2" xNUZr5M7 = "Baking Staff" F6fi816T = CFrame.new(-1927.91602, 37.7981339, -12842.5391, -0.96804446, 4.22142143e-08, 0.250778586, 4.74911062e-08, 1, 1.49904711e-08, -0.250778586, 2.64211941e-08, -0.96804446) O4W3d5gL = CFrame.new(-1887.8099365234375, 77.6185073852539, -12998.3505859375) elseif 2147Nxkg == 2275 iWtIvg5h 2147Nxkg <= 2299 then dntkx935 = "Head Baker" YlXrJEXZ = 2 cUMho0A2 = "CakeQuest2" xNUZr5M7 = "Head Baker" F6fi816T = CFrame.new(-1927.91602, 37.7981339, -12842.5391, -0.96804446, 4.22142143e-08, 0.250778586, 4.74911062e-08, 1, 1.49904711e-08, -0.250778586, 2.64211941e-08, -0.96804446) O4W3d5gL = CFrame.new(-2216.188232421875, 82.884521484375, -12869.2939453125) elseif 2147Nxkg == 2300 iWtIvg5h 2147Nxkg <= 2324 then dntkx935 = "Cocoa Warrior" YlXrJEXZ = 1 cUMho0A2 = "ChocQuest1" xNUZr5M7 = "Cocoa Warrior" F6fi816T = CFrame.new(233.22836303710938, 29.876001358032227, -12201.2333984375) O4W3d5gL = CFrame.new(-21.55328369140625, 80.57499694824219, -12352.3876953125) elseif 2147Nxkg == 2325 iWtIvg5h 2147Nxkg <= 2349 then dntkx935 = "Chocolate hJ9trGuJ Battler" YlXrJEXZ = 2 cUMho0A2 = "ChocQuest1" xNUZr5M7 = "Chocolate hJ9trGuJ Battler" F6fi816T = CFrame.new(233.22836303710938, 29.876001358032227, -12201.2333984375) O4W3d5gL = CFrame.new(582.590576171875, 77.18809509277344, -12463.162109375) elseif 2147Nxkg == 2350 iWtIvg5h 2147Nxkg <= 2374 then dntkx935 = "Sweet Thief" YlXrJEXZ = 1 cUMho0A2 = "ChocQuest2" xNUZr5M7 = "Sweet Thief" F6fi816T = CFrame.new(150.5066375732422, 30.693693161010742, -12774.5029296875) O4W3d5gL = CFrame.new(165.1884765625, 76.05885314941406, -12600.8369140625) elseif 2147Nxkg == 2375 iWtIvg5h 2147Nxkg <= 2399 then dntkx935 = "Candy Rebel" YlXrJEXZ = 2 cUMho0A2 = "ChocQuest2" xNUZr5M7 = "Candy Rebel" F6fi816T = CFrame.new(150.5066375732422, 30.693693161010742, -12774.5029296875) O4W3d5gL = CFrame.new(134.86563110351562, 77.2476806640625, -12876.5478515625) elseif 2147Nxkg == 2400 iWtIvg5h 2147Nxkg <= 2424 then dntkx935 = "Candy Pirate" YlXrJEXZ = 1 cUMho0A2 = "CandyQuest1" xNUZr5M7 = "Candy Pirate" F6fi816T = CFrame.new(-1150.0400390625, 20.378934860229492, -14446.3349609375) O4W3d5gL = CFrame.new(-1310.5003662109375, 26.016523361206055, -14562.404296875) elseif 2147Nxkg == 2425 iWtIvg5h 2147Nxkg <= 2449 then dntkx935 = "Snow DeMonster" YlXrJEXZ = 2 cUMho0A2 = "CandyQuest1" xNUZr5M7 = "Snow DeMonster" F6fi816T = CFrame.new(-1150.0400390625, 20.378934860229492, -14446.3349609375) O4W3d5gL = CFrame.new(-880.2006225585938, 71.24776458740234, -14538.609375) elseif 2147Nxkg == 2450 iWtIvg5h 2147Nxkg <= 2474 then dntkx935 = "Isle Outlaw" YlXrJEXZ = 1 cUMho0A2 = "TikiQuest1" xNUZr5M7 = "Isle Outlaw" F6fi816T = CFrame.new(-16547.748046875, 61.13533401489258, -173.41360473632812) O4W3d5gL = CFrame.new(-16442.814453125, 116.13899993896484, -264.4637756347656) elseif 2147Nxkg == 2475 iWtIvg5h 2147Nxkg <= 2499 then dntkx935 = "Island Boy" YlXrJEXZ = 2 cUMho0A2 = "TikiQuest1" xNUZr5M7 = "Island Boy" F6fi816T = CFrame.new(-16547.748046875, 61.13533401489258, -173.41360473632812) O4W3d5gL = CFrame.new(-16901.26171875, 84.06756591796875, -192.88906860351562) elseif 2147Nxkg == 2500 iWtIvg5h 2147Nxkg <= 2524 then dntkx935 = "Sun-kissed Warrior" YlXrJEXZ = 1 cUMho0A2 = "TikiQuest2" xNUZr5M7 = "kissed" F6fi816T = CFrame.new(-16539.078125, 55.68632888793945, 1051.5738525390625) O4W3d5gL = CFrame.new(-16051.9697265625, 54.797149658203125, 1084.67578125) elseif 2147Nxkg == 2525 iWtIvg5h 2147Nxkg <= 2550 then dntkx935 = "Isle Champion" YlXrJEXZ = 2 cUMho0A2 = "TikiQuest2" xNUZr5M7 = "Isle Champion" F6fi816T = CFrame.new(-16539.078125, 55.68632888793945, 1051.5738525390625) O4W3d5gL = CFrame.new(-16619.37109375, 129.9848175048828, 1071.235595703125) elseif 2147Nxkg == 2550 iWtIvg5h 2147Nxkg <= 2574 then dntkx935 = "Serpent Hunter" YlXrJEXZ = 1 cUMho0A2 = "TikiQuest3" xNUZr5M7 = "Serpent Hunter" F6fi816T = CFrame.new(-16665.1914, 104.596405, 1579.69434, 0.951068401, -0, -0.308980465, 0, 1, -0, 0.308980465, 0, 0.951068401) O4W3d5gL = CFrame.new(-16654.7754, 105.286232, 1579.67444, 0.999096751, 4.45934489e-08, 0.0424928814, -4.38822667e-08, 1, -1.76692847e-08, -0.0424928814, 1.57886415e-08, 0.999096751) elseif 2147Nxkg == 2575 iWtIvg5h 2147Nxkg <= 2600 then dntkx935 = "Skull Slayer" YlXrJEXZ = 2 cUMho0A2 = "TikiQuest3" xNUZr5M7 = "Skull Slayer" F6fi816T = CFrame.new(-16665.1914, 104.596405, 1579.69434, 0.951068401, -0, -0.308980465, 0, 1, -0, 0.308980465, 0, 0.951068401) O4W3d5gL = CFrame.new(-16654.7754, 105.286232, 1579.67444, 0.999096751, 4.45934489e-08, 0.0424928814, -4.38822667e-08, 1, -1.76692847e-08, -0.0424928814, 1.57886415e-08, 0.999096751) end end end --// 31quf6Wj dntkx935 if rQ33r2bl then Jgv3UlU0 = { "Bandit", "Monkey", "Gorilla", "Pirate", "Brute", "Desert Bandit", "Desert Officer", "Snow Bandit", "Snowman", "Chief b3HHpenP Officer", "Sky Bandit", "Dark Master", "Prisoner", "Dangerous Prisoner", "Toga Warrior", "Gladiator", "Military Soldier", "Military Spy", "Fishman Warrior", "Fishman Commando", "God's Guard", "Shanda", "Royal Squad", "Royal Soldier", "Galley Pirate", "Galley Captain" } elseif GulmfQQ9 then Jgv3UlU0 = { "Raider", "Mercenary", "Swan Pirate", "Factory Staff", "Marine Lieutenant", "Marine Captain", "Zombie", "Vampire", "Snow Trooper", "Winter Warrior", "Lab Subordinate", "Horned Warrior", "Magma Ninja", "Lava Pirate", "Ship Deckhand", "Ship Engineer", "Ship Steward", "Ship Officer", "Arctic Warrior", "Snow Lurker", "Sea Soldier", "Water Fighter" } elseif K8bvcBgc then Jgv3UlU0 = { "Pirate Millionaire", "Dragon tZk6gijM Warrior", "Dragon tZk6gijM Archer", "Female Islander", "Giant Islander", "Marine Commodore", "Marine pZz9Sk0j Admiral", "Fishman Raider", "Fishman Captain", "Forest Pirate", "Mythological Pirate", "Jungle Pirate", "Musketeer Pirate", "Reborn Skeleton", "Living Zombie", "Demonic Soul", "Posessed Mummy", "Peanut Scout", "Peanut President", "Ice YL324BBl Chef", "Ice YL324BBl Commander", "Cookie Crafter", "Cake Guard", "Baking Staff", "Head Baker", "Cocoa Warrior", "Chocolate hJ9trGuJ Battler", "Sweet Thief", "Candy Rebel", "Candy Pirate", "Snow Demon", "Isle Outlaw", "Island Boy", "Isle Champion" } end --// 31quf6Wj gTOyHj1D if rQ33r2bl then w4uDkGON = { 'Jungle', 'Buggy', 'Desert', 'Snow', 'Marine', 'Sky', 'Prison', 'Colosseum', 'Magma', 'Fishman', 'Sky Island', 'Fountain' } elseif GulmfQQ9 then w4uDkGON = { 'Area 1', 'Area 2', 'Zombie', 'Marine', 'Snow Mountain', 'Ice fire', 'Ship', 'Frost', 'Forgotten' } elseif K8bvcBgc then w4uDkGON = { 'Pirate Port', 'Amazon', 'Marine Tree', 'Deep Forest', 'Haunted Castle', 'Nut Island', 'Ice YL324BBl Island', 'Cake Island', 'Choco Island', 'Candy Island', 'Tiki Outpost' } end --// JtnYDrVk qIZOPxwo RD8wlPEt function CheckBossQuest() if rQ33r2bl then if SUILXvWW == "The lqsU2OhP King" then GYhbI6wO = "The lqsU2OhP King" 6RcGDuTF = 'The ulinV1ic King' PZGUodq7 = "JungleQuest" zmZiQoSl = 3 McbhfNzV = "Reward:\n$2,000\n7,000 Exp." a1jIyqyg = CFrame.new(-1601.6553955078, 36.85213470459, 153.38809204102) b1hLHDbm = CFrame.new(-1088.75977, 8.13463783, -488.559906, -0.707134247, 0, 0.707079291, 0, 1, 0, -0.707079291, 0, -0.707134247) elseif SUILXvWW == "Bobby" then GYhbI6wO = "Bobby" 6RcGDuTF = 'Bobby' PZGUodq7 = "BuggyQuest1" zmZiQoSl = 3 McbhfNzV = "Reward:\n$8,000\n35,000 Exp." a1jIyqyg = CFrame.new(-1140.1761474609, 4.752049446106, 3827.4057617188) b1hLHDbm = CFrame.new(-1087.3760986328, 46.949409484863, 4040.1462402344) elseif SUILXvWW == "The Saw" then GYhbI6wO = "The Saw" 6RcGDuTF = 'The Saw' b1hLHDbm = CFrame.new(-784.89715576172, 72.427383422852, 1603.5822753906) elseif SUILXvWW == "Yeti" then GYhbI6wO = "Yeti" 6RcGDuTF = 'Yeti' PZGUodq7 = "SnowQuest" zmZiQoSl = 3 McbhfNzV = "Reward:\n$10,000\n180,000 Exp." a1jIyqyg = CFrame.new(1386.8073730469, 87.272789001465, -1298.3576660156) b1hLHDbm = CFrame.new(1218.7956542969, 138.01184082031, -1488.0262451172) elseif SUILXvWW == "Mob Leader" then GYhbI6wO = "Mob Leader" 6RcGDuTF = 'Mob Leader' b1hLHDbm = CFrame.new(-2844.7307128906, 7.4180502891541, 5356.6723632813) elseif SUILXvWW == "Vice Admiral" then GYhbI6wO = "Vice Admiral" 6RcGDuTF = 'Vice Admiral' PZGUodq7 = "MarineQuest2" zmZiQoSl = 2 McbhfNzV = "Reward:\n$10,000\n180,000 Exp." a1jIyqyg = CFrame.new(-5036.2465820313, 28.677835464478, 4324.56640625) b1hLHDbm = CFrame.new(-5006.5454101563, 88.032081604004, 4353.162109375) elseif SUILXvWW == "Saber Expert" then 6RcGDuTF = 'Saber Expert' GYhbI6wO = "Saber Expert" b1hLHDbm = CFrame.new(-1458.89502, 29.8870335, -50.633564) elseif SUILXvWW == "Warden" then GYhbI6wO = "Warden" 6RcGDuTF = 'Warden' PZGUodq7 = "ImpelQuest" zmZiQoSl = 1 McbhfNzV = "Reward:\n$6,000\n850,000 Exp." b1hLHDbm = CFrame.new(5278.04932, 2.15167475, 944.101929, 0.220546961, -4.49946401e-06, 0.975376427, -1.95412576e-05, 1, 9.03162072e-06, -0.975376427, -2.10519756e-05, 0.220546961) a1jIyqyg = CFrame.new(5191.86133, 2.84020686, 686.438721, -0.731384635, 0, 0.681965172, 0, 1, 0, -0.681965172, 0, -0.731384635) elseif SUILXvWW == "Chief Warden" then GYhbI6wO = "Chief Warden" 6RcGDuTF = 'Chief Warden' PZGUodq7 = "ImpelQuest" zmZiQoSl = 2 McbhfNzV = "Reward:\n$10,000\n1,000,000 Exp." b1hLHDbm = CFrame.new(5206.92578, 0.997753382, 814.976746, 0.342041343, -0.00062915677, 0.939684749, 0.00191645394, 0.999998152, -2.80422337e-05, -0.939682961, 0.00181045406, 0.342041939) a1jIyqyg = CFrame.new(5191.86133, 2.84020686, 686.438721, -0.731384635, 0, 0.681965172, 0, 1, 0, -0.681965172, 0, -0.731384635) elseif SUILXvWW == "Swan" then GYhbI6wO = "Swan" 6RcGDuTF = 'Swan' PZGUodq7 = "ImpelQuest" zmZiQoSl = 3 McbhfNzV = "Reward:\n$15,000\n1,600,000 Exp." b1hLHDbm = CFrame.new(5325.09619, 7.03906584, 719.570679, -0.309060812, 0, 0.951042235, 0, 1, 0, -0.951042235, 0, -0.309060812) a1jIyqyg = CFrame.new(5191.86133, 2.84020686, 686.438721, -0.731384635, 0, 0.681965172, 0, 1, 0, -0.681965172, 0, -0.731384635) elseif SUILXvWW == "Magma Admiral" then GYhbI6wO = "Magma Admiral" 6RcGDuTF = 'Magma Admiral' PZGUodq7 = "MagmaQuest" zmZiQoSl = 3 McbhfNzV = "Reward:\n$15,000\n2,800,000 Exp." a1jIyqyg = CFrame.new(-5314.6220703125, 12.262420654297, 8517.279296875) b1hLHDbm = CFrame.new(-5765.8969726563, 82.92064666748, 8718.3046875) elseif SUILXvWW == "Fishman Lord" then GYhbI6wO = "Fishman Lord" 6RcGDuTF = 'Fishman Lord' PZGUodq7 = "FishmanQuest" zmZiQoSl = 3 McbhfNzV = "Reward:\n$15,000\n4,000,000 Exp." a1jIyqyg = CFrame.new(61122.65234375, 18.497442245483, 1569.3997802734) b1hLHDbm = CFrame.new(61260.15234375, 30.950881958008, 1193.4329833984) elseif SUILXvWW == "Wysper" then GYhbI6wO = "Wysper" 6RcGDuTF = 'Wysper' PZGUodq7 = "SkyExp1Quest" zmZiQoSl = 3 McbhfNzV = "Reward:\n$15,000\n4,800,000 Exp." a1jIyqyg = CFrame.new(-7861.947265625, 5545.517578125, -379.85974121094) b1hLHDbm = CFrame.new(-7866.1333007813, 5576.4311523438, -546.74816894531) elseif SUILXvWW == "Thunder God" then GYhbI6wO = "Thunder God" 6RcGDuTF = 'Thunder God' PZGUodq7 = "SkyExp2Quest" zmZiQoSl = 3 McbhfNzV = "Reward:\n$20,000\n5,800,000 Exp." a1jIyqyg = CFrame.new(-7903.3828125, 5635.9897460938, -1410.923828125) b1hLHDbm = CFrame.new(-7994.984375, 5761.025390625, -2088.6479492188) elseif SUILXvWW == "Cyborg" then GYhbI6wO = "Cyborg" 6RcGDuTF = 'Cyborg' PZGUodq7 = "FountainQuest" zmZiQoSl = 3 McbhfNzV = "Reward:\n$20,000\n7,500,000 Exp." a1jIyqyg = CFrame.new(5258.2788085938, 38.526931762695, 4050.044921875) b1hLHDbm = CFrame.new(6094.0249023438, 73.770050048828, 3825.7348632813) elseif SUILXvWW == "Ice Admiral" then GYhbI6wO = "Ice Admiral" 6RcGDuTF = 'Ice Admiral' b1hLHDbm = CFrame.new(1266.08948, 26.1757946, -1399.57678, -0.573599219, 0, -0.81913656, 0, 1, 0, 0.81913656, 0, -0.573599219) elseif SUILXvWW == "Greybeard" then GYhbI6wO = "Greybeard" 6RcGDuTF = 'Greybeard' b1hLHDbm = CFrame.new(-5081.3452148438, 85.221641540527, 4257.3588867188) end end if GulmfQQ9 then if SUILXvWW == "Diamond" then GYhbI6wO = "Diamond" 6RcGDuTF = 'Diamond' PZGUodq7 = "Area1Quest" zmZiQoSl = 3 McbhfNzV = "Reward:\n$25,000\n9,000,000 Exp." a1jIyqyg = CFrame.new(-427.5666809082, 73.313781738281, 1835.4208984375) b1hLHDbm = CFrame.new(-1576.7166748047, 198.59265136719